11,51,96,2,74,99,16,92,23,89,13,79,16,55,99,77,38,45,1,68,67,20,25,71,92,92,58,81,86,79,34,15,27,73,5,48,24,42,77,73,16,97,47,79,54,42,32,91,36,85,81,46,73,48,13,44,93,46,58,75,61,70,0,30,93,66,19,42,57,34,18,33,66,79,98,26,36,45,62,35,12,72,15,21,84,86,75,48,9,11,67,43,79,56,60,2,43,90,78,18,7,23,7,43,46,36,49,62,55,7,29,9,67,71,54,88,57,30,7,55,52,97,45,33,50,78,49,70
0,47,80,3,89,92,82,95,87,70,13,62,76,14,80,49,46,55,56,88,50,15,93,58,18,73,27,4,44,27,28,3,54,32,30,28,91,15,69,1,6,28,12,88,13,53,38,16,74,31,31,42,58,90,99,45,25,99,54,18,81,83,5,82,92,29,67,55,94,95,93,89,55,57,35,91,79,38,59,32,67,73,69,31,9,29,4,68,56,48,93,91,28,17,76,9,20,25,39,14,94,31,1,8,29,24,90,14,36,63,12,27,0,3,89,7,9,15,19,79,69,73,46,17,52,89,89,13
7,48,98,13,29,86,41,41,6,61,51,98,27,67,37,36,50,10,89,67,60,30,89,10,90,28,30,28,61,5,35,37,29,27,5,66,13,99,89,82,18,47,9,91,9,87,55,14,28,12,86,44,58,87,0,85,1,41,14,22,60,55,47,44,47,12,54,8,55,9,6,34,45,94,13,26,62,1,78,24,72,17,65,95,81,29,76,63,18,3,1,43,33,44,47,52,51,45,7,54,26,24,23,56,65,49,87,58,34,64,70,93,40,26,89,98,22,18,47,97,7,44,26,10,6,94,10,12
54,72,10,0,28,56,30,10,9,36,60,93,13,32,4,95,76,42,16,69,1,36,3,76,68,83,33,20,45,90,8,68,75,44,86,25,80,9,50,99,67,60,97,72,30,89,6,55,55,24,2,50,29,67,8,48,63,82,23,76,28,95,77,1,11,41,71,84,41,10,81,45,62,83,98,53,38,76,85,58,65,29,41,24,0,50,95,37,39,14,48,79,24,47,68,82,83,14,46,36,91,95,94,23,39,84,23,0,53,93,85,6,46,3,11,14,4,2,49,53,0,81,82,46,49,59,70,99
84,63,77,54,40,58,0,85,1,51,81,76,65,38,80,98,26,88,44,33,41,29,15,77,20,85,5,74,16,34,63,99,16,14,71,9,50,5,37,58,28,7,37,93,39,55,47,4,32,96,61,41,81,26,18,66,15,33,87,5,88,27,96,69,38,3,32,18,51,11,82,59,19,33,80,45,40,95,33,56,80,37,51,66,61,90,24,52,29,72,74,44,35,72,77,73,58,21,33,33,2,79,95,97,79,44,58,91,73,79,6,29,14,34,16,69,74,32,69,26,46,33,54,49,34,71,98,87
82,84,11,3,61,59,29,81,29,19,17,49,42,39,83,96,80,73,81,14,36,96,16,83,2,24,84,0,71,35,87,23,90,48,68,24,34,52,57,79,10,73,84,73,80,97,35,82,43,80,19,23,71,15,26,34,92,94,11,13,79,65,89,32,59,59,13,45,29,83,44,2,89,52,82,62,52,69,0,37,22,55,33,65,55,3,33,95,72,8,47,2,42,0,52,97,20,48,58,27,22,45,58,93,71,81,67,51,87,78,53,60,9,25,51,81,49,7,8,35,7,59,82,40,8,26,74,62
78,34,28,54,99,92,5,50,0,15,45,15,2,29,84,32,26,1,83,26,26,48,87,20,62,32,5,8,52,9,85,10,15,18,97,31,45,93,29,13,97,44,2,56,43,56,56,6,35,46,58,16,29,81,71,85,31,38,32,36,91,24,2,22,2,29,11,8,0,69,93,65,11,84,78,26,57,86,97,67,6,6,65,23,59,51,60,72,67,94,21,11,52,64,60,70,77,61,67,86,33,39,10,32,41,70,42,77,35,93,2,88,85,86,52,55,8,87,44,75,84,36,0,97,77,9,55,7
67,65,28,38,70,22,85,73,52,56,43,65,90,31,83,33,28,4,59,75,34,78,2,34,48,76,90,30,7,12,90,71,39,20,29,59,0,81,93,11,32,85,62,11,10,60,30,15,71,42,9,40,25,29,0,88,91,77,37,86,15,85,83,65,92,95,68,33,10,98,35,41,49,81,93,32,43,74,88,86,20,78,84,18,8,53,69,12,73,51,53,82,10,11,75,84,72,41,22,66,21,47,18,47,67,58,85,37,61,36,67,27,45,9,70,67,84,50,96,85,58,95,61,72,82,18,21,4
82,9,96,55,79,81,6,20,76,66,61,25,19,43,97,78,37,57,25,10,18,73,14,73,84,70,88,6,15,89,88,13,95,61,38,40,37,50,32,68,94,20,10,93,59,75,90,67,64,7,28,59,9,10,53,34,76,72,57,9,23,77,73,65,22,31,24,45,21,19,14,18,9,81,1,46,98,66,61,19,34,32,96,68,46,32,83,2,60,55,89,85,97,47,65,60,36,45,18,71,0,4,47,29,64,27,29,55,32,20,25,94,54,48,44,76,31,14,75,15,93,11,90,0,69,53,18,75
41,8,1,55,69,34,63,48,88,82,68,97,41,15,35,56,1,73,51,22,0,74,14,22,18,17,60,26,31,85,94,0,37,38,36,55,80,92,25,44,81,28,32,27,36,76,17,32,83,57,31,63,90,76,76,13,13,32,16,59,75,39,14,6,54,56,69,52,42,79,53,6,5,17,48,41,71,25,73,55,81,61,51,64,65,30,27,9,59,78,65,24,0,56,78,63,90,2,37,30,12,45,18,49,38,36,22,71,98,1,88,5,87,58,80,52,25,73,25,99,29,7,1,53,37,80,24,0
86,17,14,97,56,99,8,36,60,31,39,77,30,72,25,12,1,25,63,17,57,69,40,62,42,5,39,58,38,77,41,57,96,43,37,7,37,12,73,23,9,50,76,73,38,39,44,40,85,67,87,81,52,66,47,88,22,64,95,3,44,31,55,87,52,68,90,18,13,20,60,47,57,8,13,62,33,93,52,52,67,74,94,10,87,75,52,21,12,71,13,37,32,12,9,79,59,59,86,4,4,46,7,23,52,10,58,20,68,78,29,32,22,49,51,84,80,48,55,89,86,19,95,22,11,26,0,37
28,95,98,77,7,15,76,48,78,15,60,94,7,22,17,10,4,46,45,28,84,46,99,35,0,44,61,60,13,42,64,37,74,60,81,4,38,30,29,47,88,73,52,48,44,57,37,25,32,20,64,83,48,33,16,51,8,76,13,2,26,65,48,68,57,97,49,37,49,23,79,61,1,89,37,83,33,6,8,46,88,3,6,42,99,20,54,68,20,30,35,95,81,3,96,63,39,76,59,41,54,67,29,33,65,12,23,11,65,12,67,26,56,92,44,93,19,58,92,51,80,0,86,23,64,83,9,46
25,73,75,52,19,23,10,49,53,70,5,67,39,22,36,54,20,67,57,22,35,87,73,87,34,42,97,99,11,15,32,49,38,8,92,25,56,98,30,17,85,0,80,60,27,15,51,21,37,11,25,68,38,57,35,34,47,44,46,36,90,1,23,95,89,29,94,76,15,4,42,9,59,47,22,83,10,72,63,50,3,6,37,13,48,32,54,84,98,3,86,22,64,3,46,67,61,14,89,18,83,7,64,80,76,71,20,85,13,83,9,53,5,47,60,66,71,19,90,91,78,46,84,14,49,63,14,6
49,65,22,83,65,45,59,48,84,84,52,32,39,91,36,47,5,47,26,2,69,7,17,81,48,5,54,99,19,98,83,18,14,54,48,55,4,63,56,75,70,19,86,87,79,55,46,44,58,32,14,15,18,42,71,62,96,46,32,2,79,19,85,98,11,23,24,34,19,84,26,73,71,91,21,50,83,24,72,35,55,62,55,43,13,45,41,71,21,87,90,37,91,60,48,5,39,77,55,89,51,30,85,9,82,11,19,60,21,87,55,36,0,13,48,53,81,31,36,88,76,28,58,75,12,70,75,8
81,15,55,89,72,68,6,12,54,79,28,37,39,4,36,28,71,72,97,14,51,87,43,30,72,13,52,11,78,0,41,44,80,8,86,69,84,9,38,97,72,54,83,99,52,86,14,34,36,93,4,80,44,82,17,2,91,54,19,29,10,73,9,83,25,76,32,76,24,61,57,43,42,12,30,63,79,67,65,96,30,92,16,78,36,62,4,81,78,41,32,60,42,16,38,50,87,91,87,30,24,62,38,0,28,1,57,39,44,58,92,9,7,75,68,29,50,3,90,73,47,79,98,58,1,14,99,53
96,39,96,55,21,86,4,55,91,25,73,93,58,17,0,47,24,45,0,47,66,82,37,25,84,47,86,38,66,90,24,43,72,50,69,94,26,92,27,70,36,98,44,53,58,46,87,61,49,21,17,76,48,54,96,87,23,13,42,31,75,25,89,99,49,75,63,87,11,36,89,79,81,41,27,21,60,42,87,9,62,36,58,16,54,67,12,36,62,79,70,43,89,65,54,90,84,19,70,95,30,39,47,40,40,82,64,68,83,12,75,23,38,52,31,34,26,48,4,28,29,27,84,35,16,70,29,54
32,87,82,77,75,43,90,72,47,67,26,35,26,3,76,10,76,41,36,20,3,13,74,42,7,98,60,70,55,6,35,33,3,35,4,68,97,86,21,56,70,59,74,59,30,39,93,23,90,99,67,23,57,41,56,21,37,49,46,78,30,37,7,7,13,82,91,94,2,41,82,99,73,8,86,29,39,25,31,59,67,96,11,69,26,70,35,53,98,13,75,53,97,22,68,69,71,18,3,79,89,12,79,77,30,41,27,49,53,41,47,95,52,48,29,33,37,46,78,27,68,94,33,66,35,73,43,45
72,49,53,81,55,61,42,4,69,43,19,7,88,40,32,44,85,78,82,13,87,14,1,69,52,36,85,10,26,28,80,79,82,11,41,93,37,70,98,62,22,90,63,98,89,34,82,12,48,21,65,63,4,94,22,85,35,25,85,30,98,85,47,24,79,84,86,60,1,89,35,33,18,74,37,26,54,10,49,54,51,29,5,39,45,37,47,28,59,46,12,50,25,52,34,18,66,25,28,34,55,57,1,61,78,89,67,51,94,91,37,51,62,56,8,8,8,25,45,8,73,11,58,92,37,48,51,2
19,22,43,1,43,76,35,2,75,93,54,91,76,89,71,64,70,52,54,79,22,32,91,85,23,52,91,7,48,70,5,50,96,42,69,31,69,66,49,6,80,90,25,66,29,45,32,53,19,59,66,0,52,22,37,87,41,11,3,67,73,78,90,90,94,67,66,45,2,17,84,5,0,58,7,83,78,48,43,63,42,90,52,79,86,69,32,87,62,82,43,31,22,41,69,44,74,55,75,99,75,51,17,99,84,95,43,12,73,69,59,37,90,22,22,56,84,48,61,43,68,82,80,64,80,76,52,20
49,80,14,2,16,7,57,71,81,51,18,20,24,86,78,36,99,10,67,16,17,2,76,67,32,78,32,87,10,45,62,95,44,59,5,93,33,17,56,99,61,58,69,4,4,20,97,87,10,71,22,24,53,16,44,85,5,41,8,31,92,85,52,55,86,73,95,18,84,53,63,52,47,24,0,89,48,8,3,80,67,16,64,19,31,40,10,39,62,91,66,84,44,40,91,4,85,46,35,80,8,32,97,85,93,33,66,54,81,4,84,99,87,88,24,60,27,28,29,11,24,65,52,84,53,52,92,33
95,54,93,25,69,63,18,23,27,18,81,20,79,8,70,65,69,55,82,22,57,85,40,53,53,83,9,58,57,52,78,99,30,59,39,82,95,54,71,79,82,3,31,70,77,50,86,41,88,84,83,54,89,50,58,8,50,22,58,12,99,39,10,18,67,11,14,6,64,91,15,54,53,36,76,3,4,44,77,92,57,16,62,91,80,44,83,36,37,43,94,86,22,50,12,12,42,72,77,63,63,29,3,26,84,31,35,97,40,43,57,96,91,82,83,65,2,15,88,2,29,78,91,91,26,82,64,99
69,9,86,50,28,5,52,87,0,87,88,57,21,19,26,77,23,50,18,15,91,19,98,62,43,90,90,28,4,57,77,65,3,33,21,55,54,63,98,43,58,59,18,93,66,78,34,60,29,50,58,35,50,19,8,98,40,82,9,63,1,37,2,22,86,15,12,94,26,91,68,0,85,0,13,70,76,1,68,47,37,6,6,83,63,22,50,49,36,54,60,54,31,32,52,2,69,91,22,27,1,66,48,84,32,46,20,48,15,63,46,76,62,27,54,30,28,53,24,85,76,13,84,46,70,40,25,26
41,40,97,4,7,32,10,18,2,6,10,33,23,21,69,53,16,33,12,22,38,39,15,44,88,67,59,11,99,32,93,56,3,2,91,25,25,78,76,9,83,16,39,45,39,39,1,77,30,93,78,9,16,73,18,93,55,3,28,87,9,49,19,50,8,29,89,64,83,6,67,31,79,44,53,77,63,81,38,53,40,68,63,56,2,31,41,86,3,12,4,59,20,99,35,67,2,15,37,76,87,60,81,80,93,83,34,42,58,53,2,53,10,27,94,51,92,78,40,41,22,53,37,4,18,73,29,23
7,20,95,0,41,54,13,77,35,31,76,62,44,9,38,35,7,60,46,86,4,47,30,60,12,3,19,90,15,31,59,50,85,61,43,12,66,11,20,51,36,97,98,46,50,1,7,43,98,11,63,83,44,38,17,71,37,0,41,29,51,78,86,93,13,66,20,45,24,48,58,15,15,54,69,98,23,77,87,68,71,66,34,7,16,38,61,9,37,56,43,11,56,31,31,84,6,15,3,84,83,8,48,95,4,6,93,57,56,66,61,23,33,33,80,63,71,45,74,6,27,90,72,79,8,19,57,0
96,90,89,62,41,83,64,79,67,26,95,45,9,26,87,42,48,63,39,82,72,79,7,44,2,64,99,49,69,67,53,51,25,75,64,41,20,36,69,46,3,34,21,93,87,40,55,65,31,92,73,78,78,50,67,88,62,46,86,43,49,94,96,17,72,45,58,34,30,68,33,21,4,6,8,25,64,83,46,69,44,36,89,79,53,16,37,67,25,67,63,38,95,73,19,73,2,4,72,78,18,94,63,8,98,79,11,5,9,47,10,22,37,80,43,24,15,51,52,63,82,30,11,22,70,3,84,65
72,26,91,27,33,62,54,48,33,80,37,63,95,86,90,15,19,19,84,84,92,48,53,10,40,88,89,83,94,14,19,93,55,2,3,52,47,71,67,21,13,96,24,24,94,91,39,3,62,68,28,31,42,95,33,54,82,84,72,10,6,66,29,3,87,73,81,48,31,14,5,64,43,6,67,90,46,12,26,65,63,14,40,2,7,51,90,66,55,8,60,37,23,14,84,25,24,69,71,77,52,6,1,28,95,6,11,5,88,84,97,52,86,75,41,60,82,95,5,16,50,47,16,7,44,25,53,53
38,99,67,35,82,13,35,17,44,99,88,57,41,35,88,6,54,41,9,5,16,38,63,56,0,84,94,13,96,98,57,91,54,17,19,26,36,15,38,68,14,45,93,58,2,59,0,44,53,70,12,36,77,19,58,68,96,40,14,24,27,68,29,69,47,33,22,85,89,32,54,8,32,35,85,66,60,20,89,12,80,92,17,87,21,70,29,38,32,94,73,47,29,12,11,36,73,96,55,19,43,42,4,87,48,10,58,70,67,47,31,88,46,32,12,7,47,42,31,57,74,54,18,32,78,6,19,90
59,80,99,73,14,62,92,97,73,53,76,4,82,1,99,74,62,28,73,96,23,24,96,46,14,20,90,93,0,44,69,26,76,0,52,14,58,48,13,16,54,50,69,23,93,92,69,60,78,57,41,7,36,9,21,60,75,85,96,32,2,79,94,73,57,56,4,54,68,5,64,98,78,88,74,76,65,68,81,86,32,30,86,54,69,44,9,81,8,88,75,90,63,26,36,92,92,88,21,49,38,45,30,48,24,46,95,33,55,96,53,70,49,7,58,75,2,73,56,73,79,88,65,91,65,84,83,75
24,55,60,78,11,26,91,69,29,40,84,2,14,78,91,34,42,7,46,60,45,40,79,92,92,23,28,27,37,99,16,71,43,20,32,0,47,94,80,75,53,75,95,87,99,67,77,15,73,82,16,75,5,86,90,12,16,30,81,30,21,52,69,94,3,24,31,62,51,23,13,3,12,52,83,70,77,75,34,2,20,15,24,63,40,18,5,72,45,7,35,38,87,16,64,11,31,8,77,25,93,66,55,13,38,30,74,38,30,44,5,85,67,35,54,30,26,89,9,28,34,71,61,49,90,31,11,79
65,64,9,18,72,84,3,28,5,13,1,53,31,20,20,27,77,32,45,55,13,73,46,98,82,46,58,63,16,59,21,87,67,24,46,66,95,23,88,40,58,96,6,54,59,31,36,52,98,87,88,56,1,84,96,23,76,85,87,25,10,33,72,11,12,13,48,25,27,13,31,38,68,34,6,83,36,79,61,65,12,24,38,57,11,72,86,59,29,45,47,81,28,29,64,8,70,46,29,6,26,62,5,41,76,46,92,71,90,20,86,52,88,15,34,73,60,37,1,63,93,23,49,59,98,94,16,69
74,69,73,73,82,86,90,58,26,81,21,66,16,89,41,0,50,59,55,43,63,17,99,84,16,65,91,20,39,27,97,35,66,37,81,71,4,32,54,19,96,94,85,84,84,33,38,88,42,83,41,38,55,55,68,60,49,82,19,34,33,31,97,3,80,59,73,32,0,88,10,65,62,65,74,3,48,81,16,27,33,25,90,32,73,80,14,42,91,74,47,90,60,94,33,20,97,3,95,55,98,87,29,75,67,73,3,89,72,65,85,31,40,81,2,8,43,59,34,71,81,87,61,72,98,97,4,94
24,90,2,3,3,52,90,75,9,23,66,61,27,32,86,66,30,43,94,62,68,38,27,49,59,74,59,20,78,44,93,23,23,58,95,55,97,69,71,99,35,63,58,30,91,0,20,49,48,59,4,62,69,20,97,44,44,65,74,58,35,54,43,66,2,50,59,35,13,54,87,71,5,69,49,55,64,57,80,62,49,3,20,72,64,95,89,37,30,80,31,35,52,94,7,18,39,72,69,45,29,9,74,35,48,28,65,34,51,95,66,15,77,49,8,0,73,97,7,57,85,50,48,31,57,94,61,94
22,49,44,54,46,54,10,31,35,67,49,29,74,65,89,18,48,45,82,17,7,51,96,41,96,36,9,17,70,71,79,16,40,40,14,30,16,35,26,52,58,29,97,63,37,47,45,6,9,96,94,99,10,92,20,18,13,9,7,11,65,73,81,32,52,2,27,99,84,48,18,45,60,53,56,59,22,13,20,17,67,52,97,41,38,97,31,82,45,69,23,4,62,0,6,21,67,61,61,41,93,92,76,79,88,46,10,55,80,76,73,80,28,33,79,26,2,59,84,64,78,95,84,61,8,6,58,42
25,18,71,2,44,67,89,18,17,70,32,43,41,15,28,41,63,81,51,96,42,3,23,7,45,45,74,40,60,88,58,84,86,20,81,55,31,32,39,37,87,96,35,9,40,71,43,14,85,10,11,77,76,66,37,60,83,44,9,3,55,24,57,60,86,25,57,53,39,59,51,72,62,24,49,53,69,45,89,28,95,52,57,60,51,39,78,69,72,4,77,58,14,72,46,77,50,18,70,99,44,35,75,17,28,39,74,86,47,57,29,74,10,59,89,40,33,39,75,12,55,41,69,14,39,32,1,86
63,66,52,77,98,67,74,54,81,50,20,84,45,78,8,15,77,12,50,64,21,53,78,6,32,13,94,66,26,37,47,25,25,1,58,96,4,23,11,38,63,8,42,64,38,72,37,90,60,42,22,97,16,30,44,56,59,19,25,92,36,59,46,91,91,72,5,43,64,62,47,42,52,14,80,33,57,57,15,61,88,5,78,41,20,52,19,27,15,52,42,66,27,69,9,99,48,27,13,15,54,87,30,40,84,89,93,39,11,23,6,51,63,27,34,52,75,14,10,24,25,26,82,6,21,46,70,20
85,33,15,21,22,59,75,74,31,29,45,11,78,28,13,64,45,55,16,22,67,45,95,12,77,38,85,35,78,94,81,79,82,16,95,59,86,22,73,23,2,99,88,44,44,42,96,83,31,5,20,5,47,96,49,98,29,14,2,5,82,87,69,14,27,1,64,94,11,7,81,84,33,69,35,12,13,54,85,34,67,7,0,25,33,78,4,98,75,90,19,64,69,55,72,68,83,58,79,12,40,33,61,80,28,94,25,22,57,16,28,86,97,60,52,49,57,40,43,7,52,46,52,51,50,28,13,10
3,80,95,12,42,52,86,86,83,9,42,31,0,74,16,72,41,30,24,21,39,46,51,2,55,34,67,18,80,79,2,66,9,93,94,3,39,67,19,21,65,89,61,11,5,7,3,44,11,21,23,71,26,60,41,87,40,39,21,96,11,5,85,17,40,73,48,92,59,65,87,55,98,20,83,94,96,28,69,9,44,0,91,71,41,61,0,4,85,48,66,66,85,29,58,12,86,34,45,85,51,45,49,82,33,80,53,70,19,74,19,67,19,47,74,23,48,85,61,31,32,50,52,64,85,74,5,73
51,87,10,83,19,5,69,48,77,95,30,24,18,89,25,64,9,98,59,85,93,69,60,69,60,38,79,32,23,29,9,22,6,54,27,44,41,61,48,29,6,99,38,54,65,88,60,16,72,3,27,76,48,20,43,98,11,63,53,84,10,21,99,14,50,62,68,46,83,53,66,49,92,2,16,28,51,70,89,91,75,48,69,33,30,3,16,36,17,67,42,61,49,52,28,53,68,1,74,76,8,14,82,89,50,79,48,28,46,87,72,90,69,64,3,37,86,91,16,55,17,90,27,90,33,15,49,68
58,22,87,43,98,11,72,7,37,2,89,47,33,56,77,41,1,6,56,34,14,13,46,69,69,26,0,22,83,15,26,35,13,2,74,18,71,62,2,13,95,47,52,29,6,50,92,27,34,11,53,20,55,84,94,25,90,67,8,27,89,11,80,59,48,22,98,96,63,43,88,93,32,65,27,21,37,82,1,16,35,96,5,43,78,46,53,61,57,43,55,1,70,61,30,66,1,58,9,8,81,10,8,89,88,7,91,75,4,6,70,91,84,7,5,82,78,51,35,62,69,84,26,19,11,52,14,48
77,31,81,24,94,88,26,92,59,22,6,24,58,65,80,9,66,26,26,47,83,38,78,3,30,54,60,89,53,90,31,22,42,71,41,46,55,82,49,90,42,83,33,4,62,4,72,80,24,13,31,52,62,85,84,23,17,97,91,66,92,47,45,93,91,92,75,98,24,77,77,79,5,84,13,47,0,55,94,63,15,94,39,35,14,82,75,12,98,16,51,30,67,7,19,62,26,17,47,71,90,73,49,59,81,78,39,28,81,99,39,39,6,85,23,11,65,4,12,60,6,46,81,93,12,1,86,96
37,40,98,64,98,90,95,98,78,94,36,20,83,81,45,49,2,99,22,58,31,83,89,49,69,70,38,2,60,34,23,84,40,80,29,48,35,11,29,92,47,79,75,48,60,50,87,73,44,88,71,7,37,75,42,58,14,94,92,67,46,84,27,23,0,19,81,37,77,58,86,26,59,72,33,0,83,30,56,25,10,24,99,32,24,88,55,99,71,74,34,25,62,80,34,89,18,35,56,42,72,7,32,31,63,29,72,79,79,21,26,39,33,87,68,12,80,81,54,70,31,41,69,83,21,48,75,72
45,64,94,1,91,15,75,4,84,41,51,53,15,58,8,31,78,53,24,77,96,36,36,57,52,7,5,26,49,78,17,60,26,43,77,6,58,55,30,47,90,50,53,83,26,69,72,74,75,86,13,57,65,98,8,76,4,91,9,67,82,69,74,79,40,60,26,78,20,4,68,61,64,72,85,61,39,33,9,96,25,39,83,79,31,70,54,96,70,53,43,40,1,54,40,3,54,95,42,89,39,78,24,6,0,18,32,93,9,13,42,92,2,14,35,27,62,94,41,61,21,14,7,49,23,99,78,48
10,94,67,27,32,42,37,79,42,92,89,3,79,54,17,83,53,75,22,58,2,30,52,52,37,62,31,72,82,51,59,12,44,32,21,71,23,32,91,52,79,18,76,80,23,43,2,91,37,63,23,17,33,45,61,32,66,45,99,32,62,46,39,91,79,58,85,90,36,67,56,60,87,36,68,28,51,81,11,37,97,64,73,57,8,28,91,20,48,41,8,59,75,38,78,28,28,24,60,27,62,43,79,47,80,90,19,38,12,72,15,76,95,55,2,91,45,36,49,82,51,46,56,61,32,46,28,94
92,87,73,95,50,30,97,55,52,52,50,39,22,56,70,57,38,38,57,28,66,56,61,78,30,13,13,32,56,38,94,75,3,78,33,17,24,81,21,90,46,85,74,84,10,25,75,2,64,53,69,39,99,53,13,38,93,9,42,31,91,41,1,82,16,80,51,27,53,24,26,73,39,95,14,31,21,35,14,97,29,74,60,25,66,50,10,84,37,2,61,57,86,1,87,8,44,4,16,26,83,83,3,20,44,50,35,3,9,5,4,23,59,50,80,35,84,81,14,64,91,87,35,26,93,44,91,34
98,75,0,44,90,52,31,10,64,77,56,80,94,82,44,72,40,89,27,92,37,89,60,71,93,32,54,63,17,28,95,16,36,8,22,70,60,93,12,6,15,41,69,10,60,78,39,51,74,86,99,10,42,12,2,50,12,3,10,13,74,10,46,31,94,6,72,1,48,31,66,96,27,25,26,20,7,95,5,63,4,73,42,40,19,57,48,34,51,57,99,76,15,55,68,12,78,85,89,83,14,83,97,13,70,42,35,82,85,99,15,64,37,68,31,86,49,11,3,92,16,79,40,90,23,25,92,61
94,24,69,8,50,48,57,6,88,34,41,57,74,64,66,23,3,62,21,43,74,82,59,24,67,53,17,85,84,16,80,74,65,72,34,33,68,11,32,10,43,81,80,37,47,86,26,4,6,53,88,55,31,86,33,41,77,13,80,30,86,53,32,12,3,1,85,86,69,12,12,17,17,78,42,62,25,25,47,45,67,41,99,6,25,25,20,57,59,71,85,35,57,89,56,37,89,93,38,29,92,45,20,95,94,44,82,51,57,82,32,49,1,52,42,89,21,28,53,67,62,40,26,70,39,54,5,20
82,1,36,33,33,23,72,23,31,38,83,90,45,51,51,31,97,94,20,89,2,23,97,66,76,33,75,28,21,37,92,8,79,89,80,16,12,90,93,89,1,90,23,73,95,71,75,62,52,39,26,25,93,11,34,94,88,33,20,34,47,87,75,29,82,30,66,66,33,18,83,46,44,46,6,42,63,40,71,3,73,46,88,0,67,7,71,66,66,27,64,17,56,70,27,45,85,52,2,76,15,69,49,51,79,5,15,69,1,69,69,6,18,66,69,76,37,18,32,61,0,71,26,75,65,99,97,45
97,58,66,94,65,16,49,85,86,0,20,66,49,63,42,37,5,87,59,81,75,31,79,56,40,29,28,43,90,65,3,71,58,43,38,86,56,58,88,39,13,98,86,70,10,13,88,94,96,39,24,78,14,66,72,19,43,88,60,80,71,77,10,54,65,70,15,16,7,44,57,65,72,2,72,82,49,50,41,91,29,65,37,86,31,26,14,22,54,39,73,49,76,95,46,14,83,39,74,12,56,7,49,76,15,33,56,19,96,46,25,60,80,30,92,84,47,90,25,46,96,14,85,25,20,15,9,61
53,74,34,62,88,95,75,92,69,63,17,98,86,99,63,74,9,58,20,23,30,9,54,70,84,56,91,79,58,25,45,10,41,71,65,40,70,68,86,11,94,84,15,67,65,8,91,20,16,66,47,22,69,27,8,99,7,2,16,37,44,51,4,90,23,76,86,45,85,97,15,38,37,1,54,90,95,68,25,99,20,26,62,38,32,12,13,50,49,60,0,53,29,94,49,65,15,61,94,38,11,74,75,10,82,38,46,26,77,69,83,99,88,23,97,77,97,97,39,64,6,43,26,58,19,55,92,41
16,78,81,76,55,18,58,65,89,63,35,42,95,57,86,2,50,21,91,49,56,8,38,25,22,49,45,78,81,62,82,99,79,7,80,96,56,66,42,18,6,62,30,75,50,18,67,44,72,28,24,98,27,17,4,40,34,46,85,79,4,81,88,85,51,56,5,31,88,43,40,89,68,92,89,5,12,6,20,27,38,50,70,33,77,70,62,94,99,24,77,9,34,81,44,90,95,40,20,66,25,93,31,21,11,11,59,45,83,39,40,46,54,43,20,46,67,78,22,10,49,47,29,53,52,10,15,49
49,50,37,39,85,3,39,32,27,33,12,42,37,60,22,46,53,7,49,33,7,25,29,62,93,44,13,93,25,78,11,74,66,29,45,93,85,32,20,3,79,23,23,6,84,85,93,88,29,89,15,29,95,21,80,7,57,77,8,72,69,15,0,48,35,32,58,2,1,40,55,65,93,34,23,12,79,2,1,38,76,30,65,87,66,32,36,63,26,92,31,66,98,0,85,2,69,53,47,87,94,9,4,25,68,36,80,27,67,60,75,50,56,66,40,42,2,96,64,97,74,56,79,76,18,36,59,11
57,25,12,6,29,29,10,14,80,43,32,21,56,0,3,51,56,96,90,55,33,68,78,57,38,30,94,45,54,97,82,96,70,77,35,14,78,58,61,78,89,20,45,76,62,81,49,21,68,3,25,84,10,64,95,47,34,12,12,95,32,7,8,94,88,38,17,93,21,85,2,68,29,19,47,43,18,93,5,77,51,58,93,39,26,40,5,58,75,41,59,19,26,75,10,10,93,37,21,7,16,18,81,33,17,71,54,65,28,36,30,16,14,22,6,43,9,66,67,91,62,99,65,98,72,77,85,59
18,70,11,61,65,87,93,88,89,52,26,24,70,12,91,57,55,74,35,29,82,36,55,96,25,62,41,8,66,31,58,54,48,63,93,38,97,86,88,56,70,6,28,51,59,66,74,93,40,88,70,0,89,69,76,8,72,77,30,45,23,19,7,89,54,52,26,41,51,65,88,49,64,71,52,29,2,4,17,97,84,61,25,4,7,80,56,62,86,81,15,32,98,51,99,37,27,23,7,12,70,16,85,54,22,6,68,33,86,16,54,6,79,8,82,61,55,45,70,56,18,67,50,9,75,39,40,83
21,59,18,11,62,18,58,52,15,81,18,39,65,23,32,84,84,8,85,92,97,78,74,72,76,76,12,33,1,52,77,74,2,34,17,63,77,53,84,18,59,38,88,5,34,24,46,16,17,13,82,28,14,11,68,67,23,69,42,76,30,97,69,82,18,81,88,50,62,54,19,50,57,44,91,65,30,68,71,19,40,94,94,57,38,31,78,36,23,37,25,92,97,34,63,50,98,79,21,15,5,16,48,69,22,1,1,26,72,99,32,76,70,38,32,35,33,62,83,82,98,42,71,6,82,90,58,15
22,78,16,2,35,98,43,30,43,90,3,95,82,94,53,76,70,35,87,33,18,11,89,67,88,46,60,29,2,46,84,60,53,22,77,73,51,73,28,46,31,86,32,23,36,71,16,8,82,2,74,53,62,7,47,81,28,18,26,40,39,73,61,55,94,66,50,86,65,97,82,79,16,24,79,25,74,88,13,0,12,94,74,21,67,56,54,98,18,86,14,2,64,91,62,46,70,98,89,6,9,90,57,66,78,5,66,82,48,49,68,33,22,24,97,86,48,82,35,17,13,53,22,20,51,89,65,18
62,43,54,62,42,88,35,90,58,47,22,84,33,40,38,6,83,91,85,3,10,25,25,58,67,99,84,30,68,66,40,7,95,84,58,25,31,39,16,4,81,12,43,18,5,46,39,64,20,21,55,25,86,76,52,11,41,3,41,15,55,18,41,34,45,24,15,16,2,21,25,95,18,60,29,20,28,41,66,91,71,25,38,64,27,45,72,76,78,8,20,60,15,90,34,53,8,61,58,97,6,91,33,6,41,86,7,40,46,5,21,69,96,64,11,43,82,61,57,61,51,63,39,56,99,62,7,19
42,81,28,65,6,50,30,24,70,39,97,20,33,46,88,30,10,98,47,98,16,44,36,65,11,71,28,21,48,22,7,47,42,91,10,65,19,57,34,65,43,32,87,32,20,11,75,28,94,87,74,65,97,76,26,6,16,76,35,23,97,88,61,84,45,36,76,98,33,41,25,25,58,5,65,92,10,24,5,26,82,87,0,14,93,71,28,52,70,0,76,91,74,19,16,13,89,13,87,43,63,3,83,23,90,95,82,2,29,72,99,92,5,65,36,13,40,0,96,41,33,10,31,24,78,69,89,74
29,74,76,36,12,3,72,95,37,68,47,96,73,91,62,76,1,55,51,29,62,82,83,5,25,14,60,62,75,71,32,27,91,93,30,84,30,58,73,14,22,50,23,83,95,70,18,99,96,4,84,93,50,29,70,66,49,71,62,22,44,58,98,77,81,60,53,58,23,65,7,92,27,70,47,23,87,70,75,72,67,90,69,4,99,15,0,62,81,36,21,54,97,39,96,83,44,20,74,69,63,14,47,51,16,11,30,46,68,2,82,94,60,66,29,43,4,85,55,95,5,51,27,13,94,38,58,98
74,3,36,96,73,29,72,93,83,43,67,90,79,68,63,38,7,3,71,22,6,0,92,61,86,14,92,48,76,26,77,78,68,97,24,86,80,40,25,40,70,50,23,52,82,0,32,20,87,5,69,5,74,88,22,14,58,89,18,87,61,41,51,34,22,76,81,0,78,39,71,27,85,32,99,74,64,51,22,1,93,67,44,3,20,28,9,82,3,82,13,90,51,39,18,96,78,78,2,72,28,44,83,99,99,70,6,21,80,31,32,80,8,68,84,86,8,61,61,26,38,93,0,14,30,90,61,22
2,37,45,71,47,90,65,83,17,25,0,51,35,32,90,73,88,95,50,96,72,93,87,75,98,66,96,73,80,36,45,80,40,61,30,22,70,29,23,57,37,1,91,63,50,80,30,99,84,40,6,80,97,59,79,45,76,91,89,74,78,67,56,73,39,89,28,58,76,71,49,29,22,72,9,15,62,0,12,71,79,51,9,48,65,47,5,84,34,49,3,81,76,80,3,89,81,39,90,72,58,97,43,44,85,20,2,48,25,78,43,18,8,2,15,56,81,21,50,38,82,18,77,96,11,80,60,0
41,89,43,66,28,7,10,35,27,96,92,83,20,8,89,57,31,12,81,84,69,88,59,7,76,15,17,16,2,70,46,97,27,74,87,19,56,1,90,6,71,25,29,31,34,21,97,78,65,73,71,1,48,40,19,73,29,78,10,38,33,59,53,3,23,57,37,67,37,0,3,79,86,6,37,50,16,86,37,21,3,23,67,65,19,61,92,2,48,3,25,18,58,67,90,50,17,22,4,11,34,97,88,59,62,53,35,22,43,70,88,9,66,91,87,76,62,88,88,31,54,27,57,15,88,93,59,40
11,90,51,51,52,23,43,46,28,41,35,3,72,95,50,15,33,38,13,45,79,51,19,4,67,20,59,79,5,33,75,11,81,30,56,31,76,37,11,54,60,18,65,94,62,75,55,65,26,91,7,18,71,53,35,91,16,62,50,97,86,18,54,59,48,24,55,80,92,98,79,11,24,81,37,0,41,83,88,19,0,86,31,19,81,7,66,65,55,85,52,91,66,67,50,73,98,29,31,7,52,1,73,32,65,80,97,51,83,65,27,52,62,3,74,94,27,49,25,58,38,37,20,65,95,90,44,38
45,97,54,19,53,53,73,4,32,31,23,80,53,44,35,69,48,5,10,8,30,7,76,80,11,66,88,79,43,72,39,60,94,71,43,16,85,65,52,71,74,94,59,62,10,43,19,57,69,30,88,29,14,12,42,19,4,66,29,2,49,82,97,52,88,38,32,52,9,22,41,72,2,62,36,58,90,83,6,91,23,94,76,27,96,5,85,66,57,89,94,80,45,79,2,53,57,31,90,93,10,20,29,38,30,40,74,71,50,25,13,68,60,19,72,78,80,14,93,71,80,43,12,37,88,4,89,77
52,14,26,41,52,45,97,16,36,13,94,86,41,13,63,4,58,82,6,82,15,54,39,56,36,67,65,98,53,57,75,94,5,57,63,25,66,80,75,85,18,85,50,36,71,81,70,93,26,62,6,95,19,61,90,93,87,36,44,78,15,11,1,60,50,30,49,9,38,24,13,64,43,21,49,71,23,13,57,83,8,41,94,56,81,98,31,7,85,67,72,45,50,58,44,21,52,44,66,19,51,77,5,6,59,64,0,28,26,60,63,55,43,70,11,13,28,80,64,73,30,55,63,59,67,76,29,60
9,68,12,77,53,96,33,37,66,31,95,61,55,80,13,96,86,86,50,58,23,2,74,69,94,90,11,72,50,0,71,81,23,84,2,50,38,39,49,0,83,27,4,57,61,43,85,63,28,51,38,85,68,43,78,47,31,66,93,6,30,91,15,83,92,86,60,28,35,89,82,63,2,29,7,20,42,86,16,15,46,65,6,41,11,21,7,68,65,57,57,20,20,91,67,83,59,27,11,13,28,80,87,49,7,55,72,28,94,22,26,57,3,80,36,78,68,82,13,67,87,35,1,72,51,69,13,62
78,33,22,29,21,71,9,44,3,85,79,47,48,90,71,21,10,80,26,24,21,9,5,77,19,71,64,56,61,46,87,13,9,97,9,31,14,59,72,49,69,29,34,41,80,1,56,62,77,74,58,76,47,80,41,82,43,86,69,96,3,24,50,16,0,50,91,91,83,3,23,44,64,52,22,64,29,22,54,56,90,12,79,34,2,0,73,68,61,45,35,75,22,8,87,2,72,43,99,79,37,69,58,13,99,45,54,61,62,75,68,3,25,77,40,71,17,18,2,60,40,94,41,29,48,78,38,2
7,76,82,83,16,70,48,80,25,62,9,74,90,52,72,61,99,93,17,35,82,38,64,94,81,8,54,83,12,89,61,44,26,76,8,0,25,75,30,35,82,97,94,0,64,59,32,95,37,32,83,25,59,4,18,30,92,69,88,19,66,72,84,75,26,77,44,62,88,41,61,31,97,38,71,65,21,17,5,14,97,0,46,34,9,90,32,26,73,88,77,92,90,69,96,7,86,67,51,23,34,34,51,72,31,89,37,33,36,4,16,33,55,79,36,99,39,58,43,28,57,51,47,34,35,95,13,94
1,77,67,28,65,20,81,51,30,35,66,46,7,10,62,1,89,7,95,54,58,35,31,41,99,45,5,75,25,7,17,4,25,60,48,94,2,4,14,54,89,25,29,52,74,45,46,9,49,91,41,34,37,69,27,88,6,95,82,83,30,10,72,37,89,82,96,20,83,32,20,33,34,43,73,47,46,76,69,23,13,58,7,31,2,13,88,68,93,9,60,17,42,56,27,74,44,52,76,79,6,6,33,33,71,9,58,93,14,40,85,0,89,96,50,55,54,16,35,74,90,56,79,20,67,45,22,60
6,28,50,39,49,43,37,0,72,79,12,87,74,2,79,61,64,13,98,81,74,6,50,31,16,98,79,62,63,51,28,62,86,89,20,37,74,11,87,12,75,14,40,1,37,70,68,37,23,74,12,67,55,23,2,34,36,69,47,59,89,57,34,31,92,96,31,19,89,31,15,42,69,88,94,10,24,57,61,25,90,7,10,95,2,55,28,92,61,33,8,43,18,66,38,46,71,13,31,4,46,79,65,72,38,48,73,88,40,57,80,59,81,62,34,81,36,6,4,51,96,94,99,45,21,63,1,8
89,9,58,72,41,31,53,71,41,97,65,32,78,10,86,74,10,44,43,4,10,91,20,31,19,29,21,30,0,47,79,96,99,99,49,81,60,29,73,4,79,82,59,90,30,99,88,48,4,10,41,38,66,49,74,48,0,78,16,47,26,91,64,34,94,24,60,78,82,26,42,14,88,65,66,32,97,80,79,84,56,18,42,93,55,81,28,75,75,12,73,33,14,98,82,27,46,10,37,16,70,0,19,97,54,85,30,41,89,12,41,4,80,9,62,23,34,10,80,84,84,81,19,85,61,74,0,51
60,31,32,17,26,67,12,40,68,70,11,68,16,20,46,8,73,55,39,63,10,11,27,78,78,26,66,34,26,57,28,18,81,30,7,3,82,96,15,13,40,98,20,91,46,59,44,65,34,94,1,3,0,78,86,89,20,98,30,35,69,37,28,97,68,29,60,53,66,72,20,6,49,86,46,53,57,22,13,82,32,97,15,92,41,3,27,72,55,75,66,82,24,97,8,10,30,33,59,12,15,69,98,46,58,20,13,70,61,90,57,37,10,57,21,65,0,33,17,63,1,39,30,90,79,17,6,65
19,8,50,37,92,85,85,65,83,52,19,58,2,92,54,92,96,49,24,47,31,56,98,2,93,56,59,48,33,55,3,98,99,63,34,16,38,80,72,82,10,97,8,18,58,97,5,11,27,92,1,21,48,95,61,63,33,12,98,97,17,0,33,30,54,71,97,96,5,38,40,56,67,0,53,93,10,86,29,87,11,35,37,15,76,32,57,92,49,36,19,31,77,38,71,16,10,62,35,78,59,21,83,26,98,94,88,29,86,97,18,1,99,47,95,95,90,78,20,15,24,43,33,15,69,37,37,96
52,57,42,70,80,52,25,81,22,57,10,15,92,65,33,32,84,71,47,57,35,7,22,12,79,0,82,17,58,53,84,44,7,17,84,99,84,31,40,90,74,10,82,39,52,81,36,89,16,44,72,89,82,96,64,76,70,80,6,97,27,6,93,29,66,53,36,36,1,80,12,83,54,96,70,70,98,82,23,87,89,19,70,29,87,18,44,10,86,4,23,66,60,96,59,66,40,20,47,23,63,42,42,72,58,56,20,51,19,37,70,15,58,56,43,94,35,38,85,90,38,32,65,1,29,91,67,82
17,41,35,40,75,3,71,16,36,67,79,66,28,95,46,27,85,52,80,3,11,75,4,40,95,45,1,68,75,31,12,43,89,4,81,2,28,80,76,28,75,77,81,36,88,69,39,91,7,75,12,84,57,80,57,51,0,18,88,32,66,15,34,19,2,33,45,11,98,64,77,68,1,76,80,63,92,49,6,3,24,64,18,56,53,30,88,67,37,30,0,10,61,8,64,89,44,65,91,42,98,24,76,36,87,98,88,1,8,11,87,45,50,81,11,9,48,1,90,4,58,81,9,96,66,1,10,88
95,59,29,3,45,79,38,62,9,55,33,95,47,86,60,36,76,46,52,85,71,91,50,83,78,32,3,41,49,0,81,36,79,35,34,10,26,34,92,78,40,71,15,96,78,19,57,19,35,76,42,22,86,42,89,61,88,50,30,38,48,17,19,7,42,2,3,29,60,23,18,81,72,30,89,89,12,69,84,18,59,19,37,46,99,8,21,30,45,8,71,65,76,85,89,75,38,39,62,36,97,36,78,65,30,50,73,33,36,51,63,26,90,87,1,56,1,64,60,84,17,52,78,15,86,27,16,53
9,39,90,53,23,19,76,24,72,99,86,73,96,52,45,53,87,74,11,5,66,96,21,45,14,20,88,82,71,84,52,41,71,8,55,67,97,64,55,13,95,10,35,54,83,29,51,52,14,61,24,48,90,48,10,93,67,41,12,96,8,61,0,35,16,68,48,96,43,8,50,95,26,90,5,39,30,94,52,24,27,73,41,8,9,3,85,79,0,63,85,81,12,34,54,31,60,19,4,34,49,32,43,12,5,17,91,60,50,15,85,58,17,85,89,99,46,98,83,5,42,97,77,69,21,38,7,41
85,61,81,5,83,47,81,39,10,2,89,98,56,17,92,14,81,59,0,94,33,47,60,32,64,19,84,60,81,39,63,60,55,51,46,8,89,3,19,41,21,18,96,79,28,68,25,83,21,63,65,53,86,10,75,22,95,11,50,85,11,69,81,28,58,20,71,88,11,56,64,97,85,92,99,21,73,51,73,16,10,8,58,35,82,0,4,29,7,47,42,85,9,74,97,7,7,58,24,11,68,16,56,59,59,63,78,51,36,62,56,77,38,43,96,85,88,79,18,98,14,32,41,43,37,18,23,1
18,20,69,49,72,17,67,90,39,51,90,3,82,92,37,37,61,91,51,67,43,37,93,31,78,70,83,87,1,67,23,43,17,86,29,9,74,13,72,6,47,0,27,33,78,26,58,15,11,13,81,63,43,80,57,36,17,69,45,71,21,97,78,52,48,95,88,23,18,86,35,51,70,87,74,72,55,13,34,70,1,74,55,88,19,40,56,78,3,63,59,55,67,47,59,11,30,81,22,74,63,95,93,12,79,73,20,30,47,6,33,39,75,91,15,6,91,73,24,39,48,0,59,74,88,60,12,48
34,78,0,77,33,71,38,55,29,35,32,65,41,89,20,3,90,75,86,91,34,15,65,54,65,60,49,73,70,54,11,32,94,97,87,7,72,31,20,69,25,92,1,22,22,97,33,74,78,59,1,75,46,38,15,63,20,48,9,28,75,49,56,71,46,22,40,49,81,79,49,82,14,9,93,7,16,22,33,31,57,23,94,49,54,99,4,61,20,44,84,88,28,74,6,4,88,71,95,59,47,61,43,18,72,20,12,56,30,21,68,35,36,83,35,62,86,70,55,55,27,84,19,61,44,52,70,31
81,41,83,54,0,32,44,48,15,43,6,91,54,75,21,83,72,88,20,27,55,3,23,22,68,30,88,69,27,43,12,18,19,69,29,19,38,53,12,33,34,94,55,98,27,62,90,41,17,99,18,1,6,83,70,97,7,3,76,77,10,74,10,48,80,4,20,88,32,34,96,11,84,35,34,37,11,55,65,8,33,99,2,89,58,19,99,27,90,1,9,5,64,15,12,11,38,31,70,51,29,49,32,74,96,95,8,80,72,13,86,82,82,79,41,68,34,34,18,80,66,51,41,81,66,61,13,74
46,43,46,41,21,41,91,86,2,86,79,20,75,97,72,59,50,52,2,28,61,63,15,64,74,22,38,45,93,29,95,28,1,60,46,6,70,72,34,8,13,30,95,87,35,88,97,49,37,25,85,94,46,82,63,23,53,1,8,34,73,43,43,69,94,16,66,20,72,20,77,74,3,61,70,8,66,61,93,86,49,26,72,58,10,78,4,89,21,6,44,62,66,31,93,9,47,84,21,41,68,51,54,96,66,7,77,20,11,7,71,98,20,43,75,5,20,67,40,66,57,19,22,32,98,21,17,74
27,19,79,75,31,30,86,95,74,9,27,41,23,57,7,83,54,67,50,59,71,31,92,41,31,33,79,58,99,55,40,72,69,93,51,24,15,28,17,13,2,43,31,5,69,24,79,17,99,36,30,76,50,64,93,2,32,77,18,71,80,4,66,82,57,26,15,45,32,37,86,69,55,71,68,45,53,50,17,42,84,66,99,5,74,28,58,10,88,26,60,96,89,5,24,76,88,46,69,31,63,86,8,46,55,49,66,84,58,80,39,15,48,14,98,47,66,74,60,81,36,96,67,88,47,54,51,19
3,77,11,51,43,91,36,39,97,48,44,8,16,9,38,51,19,3,85,89,98,82,92,92,0,57,47,31,76,11,89,70,14,35,21,41,42,48,62,29,66,71,87,57,31,38,52,32,65,26,59,15,20,48,44,79,85,66,18,71,50,12,99,6,95,80,79,94,28,15,9,28,12,70,30,78,54,78,26,39,64,56,2,41,60,65,69,30,98,93,85,88,74,65,8,31,48,82,35,48,59,17,48,6,63,57,93,98,80,72,39,63,50,90,32,93,73,86,49,25,49,46,6,84,13,18,51,75
37,79,47,18,5,91,53,16,62,57,90,27,25,43,84,12,16,57,8,57,94,10,60,1,7,42,97,90,26,63,2,22,16,56,79,9,29,48,67,65,25,36,74,88,82,73,73,50,68,6,77,59,10,66,44,55,21,95,10,42,21,15,54,80,10,60,27,93,55,69,74,45,26,3,62,77,69,96,40,80,57,75,41,36,43,39,86,56,31,38,92,10,8,32,22,5,78,93,9,28,55,50,99,32,56,84,4,89,38,80,59,55,82,42,59,43,48,78,6,57,45,66,45,0,77,18,5,62
30,94,41,1,42,2,68,82,7,1,71,50,86,31,66,46,5,48,77,37,60,73,55,54,28,26,51,63,77,97,82,19,54,24,47,11,67,11,27,35,18,21,18,49,48,73,65,32,15,72,83,5,53,11,95,2,58,43,88,69,47,93,64,76,45,89,63,40,79,63,16,72,24,0,20,16,87,98,5,3,6,55,17,86,68,88,23,46,63,40,6,44,48,26,10,68,11,68,51,68,86,71,50,56,95,68,47,55,6,16,10,64,40,13,35,92,50,50,22,94,72,38,91,5,56,52,79,20
66,35,56,17,51,30,43,52,98,28,29,17,90,45,18,41,29,93,15,44,99,3,85,67,76,40,82,63,54,48,7,85,2,72,15,82,44,8,72,3,44,52,35,73,18,35,54,6,26,69,67,70,42,39,5,82,28,55,28,94,3,46,11,22,30,64,93,65,28,56,4,59,38,34,60,21,64,55,98,3,24,9,22,31,43,91,28,39,54,40,7,55,15,36,74,42,95,28,18,24,31,22,87,24,12,67,50,12,25,45,29,62,10,58,67,56,52,16,55,16,34,57,39,50,53,76,67,85
27,46,86,88,18,58,75,47,25,74,23,89,24,61,85,41,8,46,37,98,36,27,92,3,80,44,74,24,87,18,67,8,67,83,65,73,22,80,84,44,26,22,72,94,51,54,49,35,71,8,34,94,66,97,37,63,75,28,72,43,5,15,41,23,84,83,30,79,22,49,58,29,29,1,44,17,85,89,57,23,90,91,34,28,57,90,39,99,69,6,89,60,80,73,2,41,49,80,52,15,14,79,66,43,34,94,51,65,81,83,2,54,66,56,92,95,43,31,55,14,78,10,1,16,23,86,13,47
94,43,40,96,78,44,59,41,49,70,3,62,76,41,68,92,94,73,56,29,97,43,38,41,56,72,93,32,95,73,81,5,21,35,29,15,25,33,96,28,51,71,34,39,67,21,21,75,70,99,51,47,18,85,75,98,56,8,0,51,65,49,23,37,53,92,89,51,76,56,81,8,92,61,56,65,71,54,57,84,49,22,55,16,55,74,41,85,2,25,26,15,30,7,27,99,62,89,60,21,80,10,78,49,64,81,73,92,95,6,44,75,5,45,77,61,31,48,88,7,72,48,73,75,81,72,82,81
41,5,60,6,0,41,91,28,12,96,78,60,13,72,30,93,98,9,82,82,87,94,14,76,95,49,44,84,26,18,12,22,40,90,14,27,45,83,15,26,84,13,50,33,78,93,48,9,27,40,4,78,79,88,88,87,46,73,24,26,86,13,76,44,72,89,88,21,80,60,71,26,11,6,50,80,70,70,48,63,86,30,29,61,53,15,38,27,51,92,40,52,25,6,24,28,41,0,57,55,90,24,63,29,44,98,6,39,43,10,17,30,47,66,74,65,7,58,28,93,22,0,46,7,8,64,49,48
80,59,32,28,40,22,28,94,72,22,63,75,65,94,56,60,68,88,4,67,67,73,49,24,75,2,35,94,20,8,99,2,4,79,46,77,78,34,50,80,85,15,3,62,44,52,37,82,49,14,58,72,32,98,67,11,98,95,76,39,39,42,98,36,21,81,60,83,1,74,78,65,66,78,92,16,56,19,16,25,99,5,16,56,50,43,85,84,85,61,74,3,83,23,77,62,20,38,18,98,80,45,89,39,19,98,82,69,34,24,52,86,42,48,81,81,75,11,55,34,22,7,0,65,40,75,61,49
6,94,12,57,83,18,17,18,13,92,15,15,29,67,19,38,20,44,21,27,36,28,57,75,6,50,44,48,28,50,86,45,6,9,11,96,55,13,3,40,57,43,18,39,79,12,53,69,40,49,89,61,2,88,42,81,91,65,1,72,89,63,85,79,39,48,18,79,21,29,1,73,38,13,19,93,47,69,61,24,81,33,6,16,28,99,7,14,48,50,83,65,53,27,55,85,49,1,47,36,52,27,97,88,6,81,20,36,92,13,45,19,62,7,21,39,96,70,39,19,97,68,97,51,82,35,17,58
21,66,50,98,22,95,19,53,62,43,63,87,95,2,92,46,39,29,58,89,11,16,36,3,71,71,11,62,97,28,27,60,10,59,10,10,84,98,85,10,20,72,47,35,51,64,66,32,56,76,13,86,11,99,2,50,78,49,66,36,20,99,5,92,45,82,17,37,69,64,84,82,51,62,0,50,65,17,12,39,93,62,72,54,74,82,73,37,20,80,29,20,50,33,2,78,93,90,80,93,71,91,59,14,27,88,63,39,19,34,47,82,26,88,4,0,33,58,5,58,14,69,45,40,69,2,75,77
2,83,41,72,97,85,77,59,53,70,80,46,82,12,61,49,19,57,92,2,65,38,96,45,78,41,44,34,6,64,73,91,98,35,24,20,35,68,97,84,39,41,22,33,57,60,48,64,57,36,90,74,83,98,12,56,92,80,67,60,85,47,28,64,52,20,72,24,0,40,63,80,66,22,81,23,64,47,17,39,75,92,93,26,93,59,12,21,46,9,3,67,8,4,69,12,77,54,47,88,49,80,60,84,13,5,96,16,26,91,3,0,74,58,1,96,20,27,67,49,71,46,0,6,50,84,32,66
83,12,12,6,8,27,64,97,98,18,11,6,6,94,68,32,73,86,10,6,40,70,88,26,31,66,25,88,54,46,17,75,6,83,2,79,79,26,99,72,23,31,41,11,53,60,14,5,19,28,88,71,40,30,55,58,49,87,19,0,7,51,77,95,17,45,83,70,63,89,14,54,15,4,32,7,68,15,26,69,32,39,40,71,51,78,45,3,36,98,20,72,20,53,26,72,9,86,0,19,60,20,99,19,87,32,77,3,14,50,74,85,20,51,39,31,99,76,49,3,26,53,91,3,85,66,93,23
41,0,15,38,66,64,27,73,71,55,58,79,96,76,56,25,57,10,69,92,93,12,64,14,8,18,98,65,25,78,55,19,79,46,89,2,55,89,45,77,98,75,35,94,92,24,9,92,18,68,29,95,14,43,68,16,45,62,60,90,80,97,49,3,23,53,47,99,49,33,66,87,48,83,97,88,19,40,11,54,47,60,85,85,67,62,2,55,50,3,95,89,74,36,23,59,69,74,12,15,55,40,11,18,91,54,23,73,72,73,48,30,30,57,86,48,88,42,27,58,78,2,30,47,72,33,84,5
72,47,12,31,3,60,32,59,8,95,15,64,71,3,83,77,64,31,67,23,58,74,67,0,57,91,39,27,89,93,64,90,45,34,31,40,44,69,74,24,39,74,33,44,45,29,28,87,79,49,87,90,27,47,7,12,90,93,75,94,31,64,67,67,1,93,58,18,26,33,32,54,62,81,16,29,26,42,22,17,23,93,61,68,44,94,15,2,32,99,63,15,63,39,37,54,58,33,14,69,93,22,96,24,0,6,16,58,59,55,23,47,87,39,82,72,32,99,33,3,8,47,87,27,68,39,77,51
30,49,64,86,39,55,86,67,66,22,61,19,49,3,7,26,38,3,30,3,95,10,55,8,74,93,91,40,8,44,89,70,98,21,19,66,95,72,40,67,49,83,28,39,43,28,83,85,3,90,78,52,18,85,12,42,90,59,61,46,76,20,21,89,82,50,70,21,33,54,63,76,9,61,49,6,37,95,31,46,24,5,35,0,36,31,19,42,78,85,20,87,94,96,68,78,90,31,62,67,57,51,33,35,64,29,98,43,38,12,75,85,23,35,71,88,26,42,24,20,79,99,92,22,66,52,68,12
76,73,15,54,62,76,14,64,28,3,60,96,2,62,86,1,35,81,23,98,9,94,58,52,50,10,70,71,84,5,6,3,42,65,26,27,38,86,50,59,45,76,6,76,42,82,38,28,76,66,10,39,90,31,94,56,26,94,34,42,4,11,9,65,64,46,9,18,90,58,84,35,22,81,53,88,68,56,30,28,47,32,9,0,83,33,12,39,44,11,57,35,15,29,4,40,4,37,74,32,55,23,75,54,92,43,2,25,28,71,88,19,95,63,91,85,54,69,60,76,18,30,94,65,88,84,79,66
84,49,26,49,24,31,55,94,23,12,28,84,14,15,36,58,87,60,38,13,6,89,63,63,88,54,7,34,58,26,48,32,51,84,85,62,79,28,86,78,66,77,7,43,56,49,86,20,87,82,51,61,38,98,26,81,72,32,54,90,33,3,46,28,0,2,72,22,22,33,18,98,9,30,18,21,58,88,23,17,51,23,52,73,50,63,80,41,67,95,73,56,53,60,60,94,94,14,87,72,37,18,37,30,63,73,15,4,48,76,56,0,37,90,63,6,68,16,9,63,89,91,16,98,27,95,69,97
82,25,94,99,41,35,40,28,24,13,99,86,36,62,70,64,12,34,87,15,35,9,89,98,44,71,51,70,51,70,42,34,67,47,36,12,52,56,36,1,96,32,44,4,46,99,59,95,83,94,79,82,45,77,55,34,80,40,73,2,59,11,47,24,14,77,95,17,28,18,82,26,84,85,71,8,57,49,41,98,21,37,58,16,35,10,25,88,16,19,35,77,90,75,32,29,13,43,74,88,43,20,36,93,48,67,95,77,55,25,83,31,27,92,60,36,84,0,98,54,51,11,69,6,95,46,25,90
64,93,27,66,57,9,22,74,10,88,3,62,71,47,57,73,66,47,32,93,16,73,12,62,73,71,25,8,81,77,69,26,76,16,13,50,81,85,75,32,1,56,64,35,24,61,44,60,66,54,63,4,75,97,35,79,59,5,77,25,69,84,76,0,33,32,80,79,3,73,97,38,54,34,88,45,59,72,30,17,31,36,47,81,37,2,49,30,89,28,87,45,39,80,86,43,24,10,94,39,47,77,93,95,70,0,46,70,71,95,21,76,51,67,3,71,95,37,91,63,18,31,28,42,24,2,16,76
85,61,45,19,97,88,89,11,34,8,88,83,55,85,35,83,67,86,11,14,60,27,41,29,19,82,27,51,20,67,65,72,44,90,17,26,21,19,48,14,5,76,2,43,92,82,85,47,64,71,49,79,79,46,82,62,13,80,13,67,76,92,28,36,69,41,27,62,39,0,12,19,83,58,50,34,68,26,40,47,62,49,40,26,75,91,11,63,13,6,9,95,75,50,14,61,76,9,1,76,11,69,94,14,92,9,61,74,1,58,51,80,42,78,38,22,61,37,94,89,41,66,92,27,65,66,48,70
69,77,44,61,19,61,43,1,57,8,88,82,69,6,61,3,9,88,15,55,3,76,32,90,81,74,73,21,99,54,91,74,78,63,34,6,78,71,44,7,3,14,49,34,60,28,26,42,52,57,55,46,54,67,94,25,39,54,48,17,32,74,14,48,45,9,76,62,21,76,62,65,55,19,56,42,88,76,50,41,49,82,59,78,83,94,11,47,3,94,40,84,83,57,47,56,42,83,35,39,90,69,58,30,15,59,16,48,63,45,84,71,57,12,39,96,39,14,34,78,59,64,94,9,96,23,53,73
91,55,66,2,99,30,64,50,69,26,27,31,25,36,45,43,16,71,1,20,62,31,27,87,0,81,27,30,96,31,28,96,20,23,70,76,90,50,14,34,52,85,68,73,21,54,56,17,62,57,33,42,98,21,75,63,26,6,74,18,65,17,83,55,72,73,59,68,25,74,53,50,88,34,72,39,66,68,87,19,15,24,48,23,34,82,82,17,49,55,24,71,52,42,94,86,78,28,3,95,69,19,15,14,2,33,84,78,25,98,51,7,92,90,71,29,10,16,43,61,95,11,88,26,37,7,50,87
63,54,73,40,49,71,70,25,87,37,0,44,9,35,11,42,89,22,31,18,84,39,29,33,95,73,21,75,14,2,39,88,64,76,8,55,89,91,5,55,98,7,70,91,44,48,43,10,5,7,92,79,93,69,10,34,91,42,57,99,43,68,3,99,35,63,71,18,98,4,85,16,35,72,10,86,59,15,62,61,33,22,82,8,33,45,23,33,69,33,56,54,45,77,76,30,84,71,99,15,16,68,44,45,93,82,96,75,94,58,89,99,89,97,28,89,0,83,96,32,4,15,85,68,55,58,4,30
89,65,5,6,18,56,29,36,83,45,13,80,63,41,56,82,30,51,10,94,36,8,84,41,7,19,34,1,10,28,94,84,63,0,68,98,22,73,88,45,13,93,47,67,33,46,3,74,30,37,34,25,94,53,96,24,93,94,73,74,62,38,41,45,22,20,63,66,75,19,13,90,34,67,47,50,91,62,46,69,7,87,31,67,11,71,48,31,25,39,95,71,46,59,80,86,65,39,91,30,70,97,85,63,30,7,95,36,0,52,3,82,34,4,1,42,48,90,4,99,7,75,65,0,37,70,30,44
47,13,41,57,77,25,45,24,41,3,86,93,38,63,38,68,41,51,5,31,93,85,85,54,84,59,88,43,76,70,4,45,45,86,87,35,12,97,29,75,30,35,2,65,47,47,84,58,61,9,18,97,7,71,68,19,57,68,13,63,57,64,9,72,93,4,70,66,7,15,1,54,34,95,7,42,93,74,84,42,63,85,63,28,30,54,93,99,62,5,51,12,17,52,47,68,2,96,56,13,70,47,75,59,85,96,49,92,58,43,77,64,93,87,3,50,62,8,67,84,35,96,95,53,76,82,61,80
64,14,74,78,58,7,55,74,55,28,57,58,45,33,4,39,69,64,38,43,86,95,83,20,50,50,11,38,66,97,77,22,37,6,51,63,98,17,80,35,49,58,18,76,62,25,14,2,54,69,39,90,54,7,9,14,18,36,84,3,90,18,1,42,26,50,65,78,40,44,67,40,4,23,2,14,81,81,90,40,72,47,45,89,62,28,77,42,26,57,38,26,22,22,34,93,67,31,7,76,80,84,84,17,13,79,34,88,60,72,35,34,64,91,43,97,85,6,50,21,97,75,62,86,19,77,37,54
49,65,95,1,54,79,41,2,49,10,0,37,69,85,20,0,2,3,32,37,64,26,20,86,19,37,27,65,8,53,52,33,38,81,47,38,72,58,37,40,73,17,50,39,77,14,90,4,33,49,26,25,50,43,16,30,14,39,68,14,97,23,19,28,38,14,95,76,36,94,58,59,25,88,79,29,60,20,72,24,40,48,33,71,7,65,25,47,65,66,36,3,50,67,65,10,83,82,20,96,71,50,27,33,22,36,31,57,5,57,36,50,93,75,37,42,69,87,15,53,40,32,14,25,27,41,19,80
85,50,75,34,12,26,9,73,27,83,19,8,20,77,30,56,95,22,81,79,47,26,72,78,81,3,58,71,11,33,34,17,46,11,34,49,45,42,81,59,23,17,21,57,11,39,87,93,45,22,16,85,52,39,35,18,27,2,20,85,53,51,56,87,91,71,85,70,11,86,97,41,31,1,81,81,97,37,39,6,10,84,55,59,41,96,91,16,31,75,88,12,1,84,3,34,66,17,55,2,60,47,83,13,92,34,21,87,61,87,70,45,42,55,86,21,84,40,0,16,14,58,51,64,52,17,10,59
70,87,33,65,96,3,79,5,41,96,59,93,94,33,63,5,27,66,22,46,76,28,26,59,99,6,60,36,32,4,49,24,5,33,51,19,25,85,24,37,21,5,99,97,6,98,22,4,47,20,0,77,98,52,10,9,50,7,11,40,33,27,66,10,97,40,53,26,83,77,15,44,79,82,86,48,45,52,43,2,60,15,23,12,84,1,41,70,62,25,98,80,89,46,36,58,59,58,8,88,96,71,91,6,79,96,63,20,75,53,1,18,6,50,47,24,45,47,51,7,4,52,55,77,65,76,17,86
49,82,55,65,20,47,90,97,43,64,36,84,27,49,37,76,41,58,3,25,45,77,20,17,92,22,82,25,24,93,38,0,55,28,70,24,42,40,16,97,42,45,97,69,10,64,87,83,97,17,86,27,23,91,33,98,44,95,26,22,65,15,99,12,62,95,26,51,4,86,37,48,74,91,23,59,94,27,47,68,83,52,85,70,43,28,73,69,98,69,33,94,59,82,2,76,64,51,82,0,26,51,71,43,68,14,0,62,48,94,73,31,63,51,42,68,16,97,42,67,48,94,44,14,50,86,47,85
23,16,61,51,62,65,27,8,0,87,22,79,93,17,72,29,69,62,24,56,9,90,93,59,3,60,65,74,24,81,79,71,21,80,58,72,95,57,95,33,49,9,67,52,37,94,41,96,61,64,72,85,23,87,83,44,97,70,93,84,48,35,32,22,42,66,38,94,93,38,21,99,10,70,35,85,50,96,75,2,6,37,74,48,22,3,76,63,51,33,70,70,24,18,70,22,22,98,59,82,31,48,99,17,41,53,46,60,20,11,70,88,52,2,13,54,1,9,9,78,39,51,43,73,34,66,53,41
5,69,40,8,66,50,38,33,23,38,21,83,53,41,57,43,66,57,68,99,3,24,71,84,36,85,71,94,9,64,61,38,42,63,75,41,57,12,70,16,30,7,14,7,94,21,10,93,85,85,48,32,29,54,75,34,17,75,87,47,12,3,16,93,13,25,53,50,27,49,57,46,24,78,91,89,43,62,50,19,34,98,56,72,18,31,24,88,64,70,4,67,27,31,30,28,15,32,82,26,85,64,59,82,98,77,5,17,0,15,98,28,40,93,76,65,70,92,49,72,91,89,48,43,93,23,83,94
30,99,80,65,1,3,66,88,11,10,39,1,2,31,78,1,17,64,9,73,68,77,22,76,2,98,3,44,39,52,35,78,29,30,89,89,36,26,18,90,23,60,16,67,49,76,40,77,73,19,62,12,51,17,83,5,90,18,23,69,65,26,89,53,51,19,30,14,43,80,40,91,33,52,66,25,73,73,16,85,4,68,84,15,71,16,10,31,79,13,40,45,55,36,43,5,82,66,56,42,89,38,85,91,26,36,93,40,85,98,76,7,22,43,91,13,30,9,14,48,32,69,84,27,8,98,39,57
94,57,64,15,29,82,14,79,68,51,87,81,16,72,40,9,15,59,52,48,53,84,3,45,77,9,98,1,34,75,73,65,63,74,35,72,13,39,29,35,21,9,98,2,31,20,69,64,26,71,31,60,79,34,52,5,16,39,43,98,62,28,29,98,52,57,30,94,18,58,50,57,29,89,77,91,42,19,85,37,80,14,87,78,81,29,33,93,3,54,49,24,70,49,23,32,59,25,23,61,33,57,21,91,64,52,53,5,38,83,66,20,90,11,63,26,81,72,39,54,94,15,37,68,26,92,79,20
42,54,95,97,78,46,69,59,90,32,41,50,80,16,62,61,28,86,84,73,24,27,25,70,57,66,89,21,88,3,70,29,19,38,16,79,55,76,44,92,72,99,79,95,96,3,88,66,93,6,43,9,72,95,5,23,39,69,14,8,4,71,79,61,79,56,44,74,49,21,86,76,54,73,0,73,24,29,34,34,87,56,55,74,49,68,74,78,41,80,20,86,26,25,53,84,27,38,11,39,85,41,93,98,4,7,72,71,59,52,73,43,22,30,98,98,65,74,49,10,16,28,1,8,52,85,31,84
96,77,86,74,34,54,76,53,14,72,90,67,9,49,24,74,71,3,56,49,63,44,77,7,54,90,72,52,71,42,53,2,33,59,52,19,93,81,92,57,81,3,52,63,72,27,83,12,72,58,47,86,56,22,9,38,80,34,85,30,55,16,77,46,43,28,80,90,71,9,29,69,2,92,80,74,19,94,55,87,55,71,92,14,49,37,91,89,49,20,97,71,51,73,54,5,26,19,45,80,53,77,73,1,47,1,38,11,69,99,33,89,41,15,32,20,49,43,58,68,92,99,36,4,35,55,90,14
87,4,77,79,98,57,63,45,65,60,19,81,37,30,37,21,59,48,9,43,25,85,23,25,1,75,3,38,79,93,3,41,48,4,90,84,90,81,74,51,99,73,57,3,36,70,58,51,67,75,92,8,28,44,29,49,58,19,19,57,56,87,90,68,62,36,96,66,61,99,74,47,55,84,1,75,14,22,94,73,83,13,0,13,38,87,60,14,74,18,61,43,52,30,42,27,58,85,36,77,36,44,12,97,67,53,40,36,71,53,7,59,39,81,89,49,50,6,69,21,45,73,29,24,22,27,95,88
63,34,86,3,18,44,75,2,56,54,55,26,68,77,91,44,2,48,61,23,61,71,82,24,45,6,35,3,59,14,38,53,14,5,10,38,37,87,42,52,50,23,40,11,65,59,63,48,11,2,34,58,43,9,53,57,80,38,14,83,9,39,60,18,91,66,86,12,43,20,5,6,71,24,93,50,3,80,98,31,23,84,75,97,81,93,53,80,92,74,62,69,46,55,13,57,90,41,41,54,63,1,22,99,3,11,36,57,43,4,2,40,69,17,3,99,0,28,99,40,24,1,71,35,60,74,29,6
96,51,0,86,27,12,4,7,81,64,89,42,2,59,23,53,72,29,29,1,82,88,43,33,66,12,66,43,56,22,1,44,85,94,52,86,18,15,96,89,46,31,65,76,72,27,51,6,70,53,54,89,33,50,92,57,73,42,58,63,21,29,52,67,9,89,34,79,2,8,49,47,56,92,11,87,52,1,76,32,35,23,8,6,84,26,42,37,54,40,9,58,2,93,91,52,35,82,86,79,3,68,61,38,87,69,59,72,74,56,57,5,67,33,84,65,44,72,95,35,57,84,68,89,97,30,29,34
57,5,30,2,79,79,95,90,1,93,65,21,25,20,61,83,72,80,84,73,83,31,24,57,91,73,0,27,44,22,60,58,0,55,19,66,5,95,33,65,12,7,4,58,95,79,58,47,90,53,74,27,69,57,6,9,43,7,29,91,75,76,94,0,39,54,69,8,27,38,68,9,51,5,32,25,0,55,64,20,4,38,76,78,73,8,55,59,79,22,56,79,12,58,93,83,11,1,29,22,5,37,10,19,52,60,33,34,70,81,94,62,72,70,5,55,53,6,74,82,62,38,86,4,92,43,58,89
37,12,55,62,39,44,20,94,59,54,26,63,71,65,71,85,7,25,69,65,86,47,31,66,15,9,41,76,62,78,34,60,93,21,59,53,79,16,37,64,68,63,55,17,28,92,22,38,59,19,94,26,90,31,66,18,88,71,39,4,66,50,97,31,84,66,45,22,91,14,85,32,71,69,93,95,44,63,99,25,17,80,71,72,78,20,55,88,89,18,70,15,23,25,76,21,11,48,9,8,10,70,32,91,30,54,95,45,8,22,90,94,44,46,52,86,46,30,80,21,28,51,88,34,21,93,40,82
45,18,54,60,7,59,94,84,85,73,82,42,7,39,91,86,76,38,39,2,39,53,41,18,86,34,95,34,75,76,80,86,31,77,39,23,85,67,23,47,67,92,14,61,5,79,28,89,34,38,64,75,11,61,76,81,78,57,80,11,85,22,74,65,79,34,8,37,68,62,14,52,69,56,77,0,78,54,80,87,74,23,43,79,0,28,13,60,34,76,33,71,69,64,43,37,53,75,99,66,12,33,84,70,46,9,44,3,33,80,28,75,13,31,31,22,62,95,50,39,78,69,78,6,15,45,91,34
94,12,5,65,25,17,87,63,18,51,33,63,33,24,16,80,12,56,81,86,7,85,31,85,8,23,66,36,8,72,26,4,72,12,76,78,12,12,86,58,35,38,63,85,90,23,80,79,46,37,76,62,65,41,66,17,48,40,46,57,64,86,29,7,34,19,69,52,25,67,39,80,45,96,92,20,80,2,62,8,67,15,76,43,31,51,89,86,46,34,53,7,65,90,45,31,62,96,57,12,61,24,23,68,18,78,61,38,54,42,63,30,20,67,54,80,81,51,63,32,47,43,71,31,34,39,58,95
96,30,61,4,19,14,20,35,78,3,11,44,1,47,60,43,66,35,89,80,1,36,47,90,58,97,65,93,28,89,67,97,67,80,81,70,52,42,6,29,41,64,59,26,47,77,88,59,90,70,65,70,23,93,91,41,48,56,91,37,98,6,32,41,78,90,21,94,23,8,43,0,14,75,20,31,62,93,88,13,89,90,24,15,19,47,27,94,25,33,57,25,30,44,95,94,98,20,75,87,85,16,62,88,31,55,88,57,11,89,97,43,33,49,20,5,41,32,64,37,50,28,65,61,36,38,23,60
48,92,85,18,59,80,43,84,65,28,34,53,42,45,66,25,67,88,32,41,17,86,45,34,70,4,24,20,10,83,78,33,39,99,45,80,12,70,0,21,64,87,7,59,18,35,66,77,15,41,61,20,86,61,79,66,91,56,45,98,9,42,73,59,14,80,61,11,85,86,19,47,2,28,58,38,60,93,21,96,81,90,6,74,76,78,24,10,45,51,92,95,76,29,11,54,18,27,83,18,64,52,88,33,77,58,70,69,67,57,95,8,4,19,68,8,92,46,18,65,77,49,64,35,61,74,24,99
23,21,19,2,35,94,86,89,1,2,38,49,60,8,9,84,79,88,76,52,23,1,51,72,63,69,51,71,42,93,88,91,10,16,10,82,82,23,35,3,12,92,50,52,46,29,39,35,76,71,2,20,52,63,60,99,67,54,17,46,82,42,4,53,83,68,13,5,32,2,55,82,22,34,19,45,36,80,51,50,72,64,5,23,45,12,93,65,75,69,69,42,12,20,17,88,76,14,35,6,56,21,41,68,87,94,76,31,70,11,63,62,91,73,17,35,46,13,19,46,52,60,99,96,82,93,83,86
